[92,27],
[176,25],
[132,192],
[2,144],
[148,128],
[58,94],
[70,97],
[128,176],
[184,89],
[59,100],
[109,193],
[71,200],
[189,167],
[17,150],
[165,164],
[110,199],
[93,144],
[95,106],
[41,193],
[124,98],
[167,98],
[194,195],
[179,189],
[88,100],
[155,87],
[193,69],
[3,75],
[128,93],
[102,24],
[164,99],
[159,169],
[164,192],
[6,66],
[89,10],
[59,142],
[91,130],
[128,196],
[160,17],
[67,200],
[184,192],
[30,77],
[42,47],
[87,199],
[183,56],
[4,35],
[71,4],
[134,147],
[99,152],
[157,160],
[7,8],
[132,131],
[177,191],
[171,127],
[119,109],
[94,90],
[120,50],
[154,182],
[35,177],
[90,106],
[74,21],
[145,150],
[86,54],
[87,126],
[38,71],
[78,180],
[139,123],
[195,17],
[35,167],
[101,162],
[62,118],
[76,183],
[35,165],
[93,141],
[103,17],
[132,136],
[84,112],
[139,30],
[188,115],
[40,67],
[84,71],
[139,60],
[142,142],
[154,149],
[19,62],
[2,48],
[161,1],
[77,127],
[23,172],
[5,82],
[71,29],
[23,198],
[94,115],
[122,99],
[131,66],
[98,65],
[120,61],
[136,189],
[197,86],
[47,30],
[24,56],
[6,55],
[31,54],
[140,28],
[173,101],
[29,42],
[183,197],
[178,134],
[187,196],
[134,158],
[107,158],
[22,177],
[46,20],
[144,16],
[80,24],
[187,199],
[156,74],
[155,175],
[77,130],
[176,61],
[172,157],
[184,180],
[151,109],
[32,136],
[147,193],
[191,163],
[121,35],
[151,125],
[39,134],
[12,194],
[13,148],
[134,183],
[141,47],
[174,87],
[148,34],
[23,83],
[58,198],
[193,158],
[100,1],
[54,50],
[21,124],
[101,105],
[129,43],
[72,89],
[189,144],
[62,77],
[141,82],
[60,94],
[125,68],
[155,157],
[81,99],
